[gd_scene load_steps=0 format=3 uid="uid://bj613ydrpykdw"]

[ext_resource type="Script" uid="uid://crbiqf8o03ge1" path="res://Scripts/Scps/Scp914.gd" id="1_5v64r"]
[ext_resource type="ArrayMesh" uid="uid://xbfs6huynna" path="res://Assets/ExternalModels/SCP/Optional/scp914/914_part3.mesh" id="2_hcf60"]
[ext_resource type="ArrayMesh" uid="uid://brhclbadov78p" path="res://Assets/ExternalModels/SCP/Optional/scp914/914_part4.mesh" id="3_fnm2v"]
[ext_resource type="PackedScene" uid="uid://d0t8nb2o6k0j3" path="res://Assets/ExternalModels/SCP/Optional/scp914/scp_914_gears.tscn" id="3_j46jp"]
[ext_resource type="ArrayMesh" uid="uid://bf3xd1ifkctx2" path="res://Assets/ExternalModels/SCP/Optional/scp914/914_part1.mesh" id="5_0hpyv"]
[ext_resource type="ArrayMesh" uid="uid://blrawwk25sbrp" path="res://Assets/ExternalModels/SCP/Optional/scp914/914_part2.mesh" id="6_q222s"]
[ext_resource type="Shape3D" uid="uid://ds2nfj6q7tq07" path="res://Assets/ExternalModels/SCP/Optional/scp914/914_collider.shape" id="8_fnm2v"]
[ext_resource type="Animation" uid="uid://ctx84dub3sql3" path="res://Assets/ExternalModels/SCP/Optional/scp914/scp914/Animations/914anim.res" id="34_fxuvq"]

[sub_resource type="BoxShape3D" id="BoxShape3D_12gcv"]
size = Vector3(0.368093, 0.339925, 0.0644779)

[sub_resource type="Skin" id="Skin_icxd2"]
resource_name = "Skin"
bind_count = 95
bind/0/name = &"Bone"
bind/0/bone = -1
bind/0/pose = Transform3D(0.832968, -0.289314, 0.471659, 0.471659, 0.816954, -0.33185, -0.289315, 0.498882, 0.816954, 3.51309, -3.17115, 5.14471)
bind/1/name = &"Bone_end"
bind/1/bone = -1
bind/1/pose = Transform3D(0.832968, -0.289315, 0.471659, 0.471659, 0.816954, -0.331849, -0.289315, 0.498882, 0.816954, 3.51309, -3.91346, 5.14471)
bind/2/name = &"Bone_end_end"
bind/2/bone = -1
bind/2/pose = Transform3D(0.832968, -0.289315, 0.471658, 0.471658, 0.816955, -0.331848, -0.289315, 0.498881, 0.816955, 3.51308, -4.65577, 5.14471)
bind/3/name = &"Bone.001"
bind/3/bone = -1
bind/3/pose = Transform3D(0.331848, -6.865e-06, -0.943333, -0.943333, -9.24732e-06, -0.331848, -6.44517e-06, 1, -9.54468e-06, -6.5398, -2.23925, -1.04053)
bind/4/name = &"Bone.001_end"
bind/4/bone = -1
bind/4/pose = Transform3D(0.331848, -6.86262e-06, -0.943333, -0.943333, -9.24733e-06, -0.331848, -6.44596e-06, 1, -9.54244e-06, -6.5398, -2.98156, -1.04053)
bind/5/name = &"Bone.001_end_end"
bind/5/bone = -1
bind/5/pose = Transform3D(0.331847, -6.86263e-06, -0.943333, -0.943333, -9.24733e-06, -0.331847, -6.44597e-06, 1, -9.54244e-06, -6.5398, -3.72387, -1.04053)
bind/6/name = &"Bone.002"
bind/6/bone = -1
bind/6/pose = Transform3D(0.832957, 0.289321, 0.471674, 0.471674, -0.816946, -0.331848, 0.289321, 0.498892, -0.816946, 2.91113, -1.47112, -6.1828)
bind/7/name = &"Bone.002_end"
bind/7/bone = -1
bind/7/pose = Transform3D(0.832957, 0.289321, 0.471674, 0.471674, -0.816946, -0.331848, 0.289321, 0.498892, -0.816946, 2.91113, -2.21344, -6.1828)
bind/8/name = &"Bone.002_end_end"
bind/8/bone = -1
bind/8/pose = Transform3D(0.832957, 0.289321, 0.471674, 0.471674, -0.816946, -0.331848, 0.289321, 0.498892, -0.816946, 2.91114, -2.95575, -6.1828)
bind/9/name = &"Bone.003"
bind/9/bone = -1
bind/9/pose = Transform3D(-0.33481, -0.00257809, 0.942282, 0.942282, 0.0018204, 0.334815, -0.00257851, 0.999995, 0.0018198, 6.5354, 2.25794, -1.02773)
bind/10/name = &"Bone.003_end"
bind/10/bone = -1
bind/10/pose = Transform3D(-0.33481, -0.00257786, 0.942282, 0.942282, 0.00182024, 0.334815, -0.00257828, 0.999995, 0.00181964, 6.5354, 1.51562, -1.02773)
bind/11/name = &"Bone.003_end_end"
bind/11/bone = -1
bind/11/pose = Transform3D(-0.334811, -0.00257809, 0.942282, 0.942282, 0.0018204, 0.334815, -0.00257851, 0.999995, 0.0018198, 6.5354, 0.77331, -1.02773)
bind/12/name = &"Bone.004"
bind/12/bone = -1
bind/12/pose = Transform3D(0.664061, 0.579276, -0.472718, -0.472718, 0.815131, 0.334814, 0.579276, 0.00112495, 0.815131, -3.90871, 1.49357, 5.59975)
bind/13/name = &"Bone.004_end"
bind/13/bone = -1
bind/13/pose = Transform3D(0.664061, 0.579276, -0.472718, -0.472717, 0.815131, 0.334814, 0.579276, 0.00112492, 0.815131, -3.90871, 0.751256, 5.59975)
bind/14/name = &"Bone.004_end_end"
bind/14/bone = -1
bind/14/pose = Transform3D(0.664061, 0.579276, -0.472717, -0.472717, 0.81513, 0.334815, 0.579277, 0.00112425, 0.81513, -3.90871, 0.0089466, 5.59975)
bind/15/name = &"Bone.005"
bind/15/bone = -1
bind/15/pose = Transform3D(0.668526, -0.576699, -0.469565, -0.469565, -0.81695, 0.334815, -0.576699, -0.00334135, -0.81695, -2.68442, 3.19152, -5.61017)
bind/16/name = &"Bone.005_end"
bind/16/bone = -1
bind/16/pose = Transform3D(0.668526, -0.576698, -0.469565, -0.469565, -0.81695, 0.334815, -0.576699, -0.003341, -0.81695, -2.68442, 2.44921, -5.61017)
bind/17/name = &"Bone.005_end_end"
bind/17/bone = -1
bind/17/pose = Transform3D(0.668526, -0.576698, -0.469565, -0.469565, -0.81695, 0.334815, -0.576699, -0.00334105, -0.81695, -2.68442, 1.70689, -5.61017)
bind/18/name = &"Bone.006"
bind/18/bone = -1
bind/18/pose = Transform3D(1, -2.32322e-07, -5.35533e-08, -1.91847e-13, -0.224624, 0.974446, -2.38415e-07, -0.974449, -0.224624, 2.43963e-07, 7.82208, 1.02328)
bind/19/name = &"Bone.006_end"
bind/19/bone = -1
bind/19/pose = Transform3D(1, -2.32324e-07, -5.35538e-08, -1.77636e-13, -0.224623, 0.974446, -2.38417e-07, -0.974449, -0.224623, 2.43966e-07, 7.55769, 1.02328)
bind/20/name = &"Bone.006_end_end"
bind/20/bone = -1
bind/20/pose = Transform3D(1, -2.32324e-07, -5.35538e-08, -1.77636e-13, -0.224623, 0.974446, -2.38417e-07, -0.974449, -0.224623, 2.43966e-07, 7.29331, 1.02328)
bind/21/name = &"pivot "
bind/21/bone = -1
bind/21/pose = Transform3D(-1, 0, 0, 0, 2.8213e-07, 1, 0, 1, -2.8213e-07, 0, 3.93136, -1.89797)
bind/22/name = &"pivot _end"
bind/22/bone = -1
bind/22/pose = Transform3D(-1, 0, 0, 0, -8.18355e-07, 1, 0, 1, 8.18355e-07, 0, 3.71471, -1.89797)
bind/23/name = &"pivot _end_end"
bind/23/bone = -1
bind/23/pose = Transform3D(-1, 0, 0, 0, -2.68112e-07, 1, 0, 1, 2.68112e-07, 0, 3.49806, -1.89797)
bind/24/name = &"circle"
bind/24/bone = -1
bind/24/pose = Transform3D(-1, -3.09944e-06, 8.74445e-13, 0, 2.8213e-07, 1, -3.09944e-06, 1, -2.8213e-07, 5.88266e-06, 4.3895, -1.89797)
bind/25/name = &"gear top f"
bind/25/bone = -1
bind/25/pose = Transform3D(-1, -2.14577e-06, -4.11737e-12, -4.33681e-19, -1.91884e-06, 1, -2.14577e-06, 1, 1.91884e-06, 4.96496e-06, 3.97308, -2.31384)
bind/26/name = &"gear top f_end"
bind/26/bone = -1
bind/26/pose = Transform3D(-1, -2.14577e-06, -1.72398e-12, 3.20201e-14, -8.18354e-07, 1, -2.14577e-06, 1, 8.18354e-07, 4.96497e-06, 3.75643, -2.31384)
bind/27/name = &"gear top f_end_end"
bind/27/bone = -1
bind/27/pose = Transform3D(-1, -2.14577e-06, -1.72398e-12, 3.20199e-14, -8.18354e-07, 1, -2.14577e-06, 1, 8.18354e-07, 4.96497e-06, 3.53978, -2.31384)
bind/28/name = &"gear right f"
bind/28/bone = -1
bind/28/pose = Transform3D(-1, -3.09944e-06, 8.74445e-13, 6.82178e-12, -1.91884e-06, 1, -3.09944e-06, 1, 1.91884e-06, -0.360151, 3.97308, -1.69003)
bind/29/name = &"gear right f_end"
bind/29/bone = -1
bind/29/pose = Transform3D(-1, -3.09944e-06, -7.6528e-12, 0, -2.46909e-06, 1, -3.09944e-06, 1, 2.46909e-06, -0.360151, 3.75643, -1.69003)
bind/30/name = &"gear right f_end_end"
bind/30/bone = -1
bind/30/pose = Transform3D(-1, -3.09944e-06, -7.65279e-12, -1.73472e-18, -2.46909e-06, 1, -3.09944e-06, 1, 2.46909e-06, -0.360151, 3.53978, -1.69003)
bind/31/name = &"gear left f"
bind/31/bone = -1
bind/31/pose = Transform3D(-1, -3.8147e-06, -4.98016e-13, 6.82178e-12, -1.91884e-06, 1, -3.8147e-06, 1, 1.91884e-06, 0.360163, 3.97308, -1.69003)
bind/32/name = &"gear left f_end"
bind/32/bone = -1
bind/32/pose = Transform3D(-1, -3.8147e-06, -1.15178e-11, 0, -3.01933e-06, 1, -3.8147e-06, 1, 3.01933e-06, 0.360163, 3.75643, -1.69002)
bind/33/name = &"gear left f_end_end"
bind/33/bone = -1
bind/33/pose = Transform3D(-1, -3.8147e-06, -1.15178e-11, 0, -3.01933e-06, 1, -3.8147e-06, 1, 3.01933e-06, 0.360163, 3.53978, -1.69002)
bind/34/name = &"spine"
bind/34/bone = -1
bind/34/pose = Transform3D(-1, -2.14577e-06, 6.05385e-13, 0, 2.8213e-07, 1, -2.14577e-06, 1, -2.8213e-07, 4.07261e-06, 4.17371, -1.89797)
bind/35/name = &"spine_end"
bind/35/bone = -1
bind/35/pose = Transform3D(-1, -2.14577e-06, -4.07356e-12, -4.67894e-12, 2.8213e-07, 1, -2.14577e-06, 1, -2.8213e-07, 4.07259e-06, 3.95706, -1.89797)
bind/36/name = &"spine_end_end"
bind/36/bone = -1
bind/36/pose = Transform3D(-1, -2.14577e-06, -4.07356e-12, -4.67894e-12, 2.8213e-07, 1, -2.14577e-06, 1, -2.8213e-07, 4.07259e-06, 3.74041, -1.89797)
bind/37/name = &"pivot back"
bind/37/bone = -1
bind/37/pose = Transform3D(-1, -2.14577e-06, 6.05385e-13, 0, 2.8213e-07, 1, -2.14577e-06, 1, -2.8213e-07, 4.07261e-06, 4.53177, -1.89797)
bind/38/name = &"pivot back_end"
bind/38/bone = -1
bind/38/pose = Transform3D(-1, -2.14577e-06, -4.17422e-12, -4.7796e-12, 2.8213e-07, 1, -2.14577e-06, 1, -2.8213e-07, 4.07259e-06, 4.31512, -1.89797)
bind/39/name = &"pivot back_end_end"
bind/39/bone = -1
bind/39/pose = Transform3D(-1, -2.14577e-06, -4.17422e-12, -4.7796e-12, 2.8213e-07, 1, -2.14577e-06, 1, -2.8213e-07, 4.07259e-06, 4.09847, -1.89797)
bind/40/name = &"spine back"
bind/40/bone = -1
bind/40/pose = Transform3D(-1, -3.09944e-06, 8.74445e-13, 0, 2.8213e-07, 1, -3.09944e-06, 1, -2.8213e-07, 5.88265e-06, 4.77411, -1.89797)
bind/41/name = &"spine back_end"
bind/41/bone = -1
bind/41/pose = Transform3D(-1, -3.09944e-06, -5.94719e-12, -6.82164e-12, 2.8213e-07, 1, -3.09944e-06, 1, -2.8213e-07, 5.88262e-06, 4.55746, -1.89797)
bind/42/name = &"spine back_end_end"
bind/42/bone = -1
bind/42/pose = Transform3D(-1, -3.09944e-06, -5.94719e-12, -6.82164e-12, 2.8213e-07, 1, -3.09944e-06, 1, -2.8213e-07, 5.88262e-06, 4.34082, -1.89797)
bind/43/name = &"circle back"
bind/43/bone = -1
bind/43/pose = Transform3D(-1, -3.8147e-06, 1.07624e-12, 0, 2.8213e-07, 1, -3.8147e-06, 1, -2.8213e-07, 7.24019e-06, 4.9899, -1.89797)
bind/44/name = &"gear top b"
bind/44/bone = -1
bind/44/pose = Transform3D(-1, -3.09944e-06, -6.47209e-12, -5.24752e-13, -1.91884e-06, 1, -3.09944e-06, 1, 1.91884e-06, 7.1716e-06, 4.57348, -2.31384)
bind/45/name = &"gear top b_end"
bind/45/bone = -1
bind/45/pose = Transform3D(-1, -3.09944e-06, -6.01098e-12, -6.36466e-14, -1.91884e-06, 1, -3.09944e-06, 1, 1.91884e-06, 7.1716e-06, 4.35683, -2.31384)
bind/46/name = &"gear top b_end_end"
bind/46/bone = -1
bind/46/pose = Transform3D(-1, -3.09944e-06, -6.01098e-12, -6.3647e-14, -1.91884e-06, 1, -3.09944e-06, 1, 1.91884e-06, 7.1716e-06, 4.14019, -2.31384)
bind/47/name = &"gear right b"
bind/47/bone = -1
bind/47/pose = Transform3D(-1, -3.8147e-06, 1.07624e-12, 8.39604e-12, -1.91884e-06, 1, -3.8147e-06, 1, 1.91884e-06, -0.36015, 4.57348, -1.69003)
bind/48/name = &"gear right b_end"
bind/48/bone = -1
bind/48/pose = Transform3D(-1, -3.8147e-06, -1.78148e-11, 1.73472e-18, -4.67005e-06, 1, -3.8147e-06, 1, 4.67005e-06, -0.36015, 4.35684, -1.69001)
bind/49/name = &"gear right b_end_end"
bind/49/bone = -1
bind/49/pose = Transform3D(-1, -3.8147e-06, -1.15178e-11, 1.73472e-18, -3.01933e-06, 1, -3.8147e-06, 1, 3.01933e-06, -0.36015, 4.14019, -1.69002)
bind/50/name = &"gear left b"
bind/50/bone = -1
bind/50/pose = Transform3D(-1, -4.29153e-06, 1.61266e-13, 8.39604e-12, -1.91884e-06, 1, -4.29153e-06, 1, 1.91884e-06, 0.360164, 4.57348, -1.69002)
bind/51/name = &"gear left b_end"
bind/51/bone = -1
bind/51/pose = Transform3D(-1, -4.29153e-06, -1.05962e-11, 0, -2.46908e-06, 1, -4.29153e-06, 1, 2.46908e-06, 0.360164, 4.35683, -1.69002)
bind/52/name = &"gear left b_end_end"
bind/52/bone = -1
bind/52/pose = Transform3D(-1, -4.29153e-06, -1.05962e-11, 0, -2.46908e-06, 1, -4.29153e-06, 1, 2.46908e-06, 0.360164, 4.14019, -1.69002)
bind/53/name = &"poulit"
bind/53/bone = -1
bind/53/pose = Transform3D(-3.13917e-07, 1, 1.94708e-07, -4.76838e-07, -1.94708e-07, 1, 1, 3.13917e-07, 4.76838e-07, -1.03971, 6.95296, -0.0567595)
bind/54/name = &"poulit_end"
bind/54/bone = -1
bind/54/pose = Transform3D(-3.13916e-07, 1, -6.39758e-07, -7.45058e-09, 6.39758e-07, 1, 1, 3.13916e-07, 7.45038e-09, -1.03972, 5.95296, -0.0567623)
bind/55/name = &"poulit_end_end"
bind/55/bone = -1
bind/55/pose = Transform3D(-3.13916e-07, 1, -5.20549e-07, 1.53981e-15, 5.20549e-07, 1, 1, 3.13916e-07, -1.63409e-13, -1.03972, 4.95296, -0.0567623)
bind/56/name = &"Door right"
bind/56/bone = -1
bind/56/pose = Transform3D(0, -1, 5.96046e-07, 1, 0, 0, 0, 5.96046e-07, 1, 3.18535, 9.29352, 4.63931)
bind/57/name = &"Door right_end"
bind/57/bone = -1
bind/57/pose = Transform3D(0, -1, 5.96046e-07, 1, 0, 0, 0, 5.96046e-07, 1, 3.18535, 8.29352, 4.63931)
bind/58/name = &"Door right_end_end"
bind/58/bone = -1
bind/58/pose = Transform3D(0, -1, 5.96046e-07, 1, 0, 0, 0, 5.96046e-07, 1, 3.18535, 7.29352, 4.63931)
bind/59/name = &"Door left"
bind/59/bone = -1
bind/59/pose = Transform3D(0, 1, -5.96046e-07, -1, 0, 0, 0, 5.96046e-07, 1, -3.56154, 9.30268, 4.64933)
bind/60/name = &"Door left_end"
bind/60/bone = -1
bind/60/pose = Transform3D(4.76837e-07, 1, -1.19209e-07, -1, 4.76837e-07, -4.76837e-07, -4.76837e-07, 1.1921e-07, 1, -3.56155, 8.30268, 4.64933)
bind/61/name = &"Door left_end_end"
bind/61/bone = -1
bind/61/pose = Transform3D(4.76837e-07, 1, -1.19209e-07, -1, 4.76837e-07, -1.98952e-13, -1.06108e-13, 1.19209e-07, 1, -3.56155, 7.30268, 4.64933)
bind/62/name = &"Bone.007"
bind/62/bone = -1
bind/62/pose = Transform3D(1, 0, 0, 0, 1, -2.8213e-07, 0, 2.8213e-07, 1, 1.08575, -0.354913, 4.54286)
bind/63/name = &"Bone.007_end"
bind/63/bone = -1
bind/63/pose = Transform3D(1, 1.2169e-20, 7.10542e-15, 0, 1, -1.71264e-06, -7.10542e-15, 1.71264e-06, 1, 1.08575, -1.35492, 4.54285)
bind/64/name = &"Bone.007_end_end"
bind/64/bone = -1
bind/64/pose = Transform3D(1, 8.78091e-21, 7.10542e-15, 0, 1, -1.2358e-06, -7.10542e-15, 1.2358e-06, 1, 1.08575, -2.35492, 4.54285)
bind/65/name = &"Bone.008"
bind/65/bone = -1
bind/65/pose = Transform3D(1, 0, 0, 0, -5.20549e-07, -1, 0, 1, -5.20549e-07, 1.08575, -4.62193, -1.46953)
bind/66/name = &"Bone.008_end"
bind/66/bone = -1
bind/66/pose = Transform3D(1, 0, 0, 0, -4.37113e-08, -1, 0, 1, -4.37113e-08, 1.08575, -5.62193, -1.46953)
bind/67/name = &"Bone.008_end_end"
bind/67/bone = -1
bind/67/pose = Transform3D(1, 0, 0, 0, -2.8213e-07, -1, 0, 1, -2.8213e-07, 1.08575, -6.62193, -1.46953)
bind/68/name = &"Bone.009"
bind/68/bone = -1
bind/68/pose = Transform3D(-5.96046e-08, -1, 6.55651e-07, 1, -5.96046e-08, 2.13163e-14, 2.22636e-14, 6.55651e-07, 1, 0.404337, 0.770671, 4.50163)
bind/69/name = &"Bone.009_end"
bind/69/bone = -1
bind/69/pose = Transform3D(-2.94875e-13, -1, 5.96046e-07, 1, 2.73559e-13, 9.53674e-07, -9.53674e-07, 5.96046e-07, 1, 0.404337, -0.229325, 4.50163)
bind/70/name = &"Bone.009_end_end"
bind/70/bone = -1
bind/70/pose = Transform3D(-2.98025e-08, -1, 6.25849e-07, 1, -2.98022e-08, 4.76837e-07, -4.76837e-07, 6.25849e-07, 1, 0.404337, -1.22933, 4.50162)
bind/71/name = &"Bone.010"
bind/71/bone = -1
bind/71/pose = Transform3D(1, 0, 0, 0, 1, -2.8213e-07, 0, 2.8213e-07, 1, -2.01126, -2.25954, 4.50163)
bind/72/name = &"Bone.010_end"
bind/72/bone = -1
bind/72/pose = Transform3D(1, 0, 0, 0, 1, -7.58967e-07, 0, 7.58967e-07, 1, -2.01126, -3.25954, 4.50163)
bind/73/name = &"Bone.010_end_end"
bind/73/bone = -1
bind/73/pose = Transform3D(1, 0, 0, 0, 1, -7.58967e-07, 0, 7.58967e-07, 1, -2.01126, -4.25954, 4.50163)
bind/74/name = &"Bone.011"
bind/74/bone = -1
bind/74/pose = Transform3D(1, 0, 0, 0, 1, -7.58967e-07, 0, 7.58967e-07, 1, -1.1824, -0.630434, 5.02611)
bind/75/name = &"Bone.011_end"
bind/75/bone = -1
bind/75/pose = Transform3D(1, 0, 0, 0, 1, 1.62522e-06, 0, -1.62522e-06, 1, -1.1824, -1.63042, 5.02611)
bind/76/name = &"Bone.011_end_end"
bind/76/bone = -1
bind/76/pose = Transform3D(1, 0, 0, 0, 1, 6.71544e-07, 0, -6.71544e-07, 1, -1.1824, -2.63043, 5.02611)
bind/77/name = &"Bone.012"
bind/77/bone = -1
bind/77/pose = Transform3D(1, 0, 0, 0, -4.01339e-07, -1, 0, 1, -4.01339e-07, -1.97311, -6.84227, -0.593255)
bind/78/name = &"Bone.012_end"
bind/78/bone = -1
bind/78/pose = Transform3D(1, 0, 0, 0, -4.01339e-07, -1, 0, 1, -4.01339e-07, -1.97311, -7.84227, -0.593255)
bind/79/name = &"Bone.012_end_end"
bind/79/bone = -1
bind/79/pose = Transform3D(1, 0, 0, 0, -4.60944e-07, -1, 0, 1, -4.60944e-07, -1.97311, -8.84227, -0.593256)
bind/80/name = &"Bone.013"
bind/80/bone = -1
bind/80/pose = Transform3D(1, 0, 0, 0, -5.20549e-07, -1, 0, 1, -5.20549e-07, -1.6947, -6.84227, -1.8685)
bind/81/name = &"Bone.013_end"
bind/81/bone = -1
bind/81/pose = Transform3D(1, 0, 0, 0, -6.39758e-07, -1, 0, 1, -6.39758e-07, -1.6947, -7.84227, -1.8685)
bind/82/name = &"Bone.013_end_end"
bind/82/bone = -1
bind/82/pose = Transform3D(1, 0, 0, 0, -4.01339e-07, -1, 0, 1, -4.01339e-07, -1.6947, -8.84227, -1.8685)
bind/83/name = &"Bone.014"
bind/83/bone = -1
bind/83/pose = Transform3D(0, 1, -5.96046e-07, -1, 0, 0, 0, 5.96046e-07, 1, -1.62101, 2.79861, 6.40006)
bind/84/name = &"Bone.014_end"
bind/84/bone = -1
bind/84/pose = Transform3D(1.19209e-07, 1, -4.76837e-07, -1, 1.19209e-07, 4.76837e-07, 4.76837e-07, 4.76837e-07, 1, -1.62101, 1.79861, 6.40006)
bind/85/name = &"Bone.014_end_end"
bind/85/bone = -1
bind/85/pose = Transform3D(-1.49687e-13, 1, -5.96046e-07, -1, 1.35003e-13, 4.76837e-07, 4.76837e-07, 5.96046e-07, 1, -1.62101, 0.798611, 6.40006)
bind/86/name = &"Bone.015"
bind/86/bone = -1
bind/86/pose = Transform3D(0, 1, -5.96046e-07, -1, 0, 0, 0, 5.96046e-07, 1, -1.62101, -2.0171, 6.40006)
bind/87/name = &"Bone.015_end"
bind/87/bone = -1
bind/87/pose = Transform3D(3.57628e-07, 1, -2.38419e-07, -1, 3.57628e-07, 4.76837e-07, 4.76837e-07, 2.38418e-07, 1, -1.621, -3.0171, 6.40006)
bind/88/name = &"Bone.015_end_end"
bind/88/bone = -1
bind/88/pose = Transform3D(2.38418e-07, 1, -3.57628e-07, -1, 2.38419e-07, 4.76837e-07, 4.76837e-07, 3.57628e-07, 1, -1.621, -4.0171, 6.40006)
bind/89/name = &"Bone.016"
bind/89/bone = -1
bind/89/pose = Transform3D(1, 0, 0, 0, 1, -4.01339e-07, 0, 4.45051e-07, 1, 0, 0, 0)
bind/90/name = &"Bone.016_end"
bind/90/bone = -1
bind/90/pose = Transform3D(1, 0, 0, 0, 1, -4.01339e-07, 0, 4.45051e-07, 1, 0, -1, 0)
bind/91/name = &"Bone.016_end_end"
bind/91/bone = -1
bind/91/pose = Transform3D(1, 0, 0, 0, 1, -4.01339e-07, 0, 4.45051e-07, 1, 0, -2, -5.68434e-14)
bind/92/name = &"Bone.017"
bind/92/bone = -1
bind/92/pose = Transform3D(1, 2.61126e-14, 5.96046e-08, 5.96046e-08, -4.31142e-07, -1, -4.14523e-16, 1, -4.31142e-07, -0.851874, -5.43205, -0.473441)
bind/93/name = &"Bone.017_end"
bind/93/bone = -1
bind/93/pose = Transform3D(1, 2.70007e-14, 5.96046e-08, 5.96046e-08, -4.60944e-07, -1, 4.73657e-16, 1, -4.60944e-07, -0.851874, -6.43205, -0.473441)
bind/94/name = &"Bone.017_end_end"
bind/94/bone = -1
bind/94/pose = Transform3D(1, 2.78889e-14, 5.96046e-08, 5.96046e-08, -4.90746e-07, -1, 1.36184e-15, 1, -4.90746e-07, -0.851874, -7.43205, -0.473442)

[sub_resource type="AnimationLibrary" id="AnimationLibrary_12tmf"]
_data = {
&"Armature|Armature|Armature|Armature|Event|Armature|Event|Armatu": ExtResource("34_fxuvq")
}

[sub_resource type="BoxShape3D" id="BoxShape3D_28mrm"]
size = Vector3(3.94661, 3.95355, 2.36465)

[sub_resource type="ConvexPolygonShape3D" id="ConvexPolygonShape3D_e60ok"]
points = PackedVector3Array(-2.04321, 1.36651, -8.19162, -2.84302, 1.27765, -6.59204, -0.17755, 3.67601, -6.85856, 2.04321, 0.477976, -7.56901, 2.30982, 3.32026, -7.48031, 2.14237, 3.27167, -4.34247, 1.95416, 0.30027, -4.28288, -0.725387, 2.22536, -4.1165, -0.799252, 0.30027, -4.63854, 2.84302, 1.27765, -6.23638, -0.266046, 0.30027, -7.21379, -2.84302, 1.98746, -6.23638, -2.04321, 1.81077, -8.19162, -0.321172, 2.62621, -4.12288, -0.0796815, 1.82403, -3.97147, -2.84302, 1.36651, -6.05899, -0.335583, 3.58081, -7.14548, 2.84302, 1.81077, -6.76943, 1.95416, 0.211756, -4.63854, 2.30982, 3.14255, -4.46071, -0.757476, 0.386179, -4.45559, 1.77661, 3.32026, -4.28288, -0.532649, 3.58682, -6.94726, -2.84302, 1.98746, -6.59204, -1.17032, 1.31681, -4.46599, 2.22076, 0.477976, -4.63854, 2.84302, 1.98746, -6.23638, 0.17755, 3.67601, -6.85856, 2.84302, 1.36651, -6.05899, -2.84302, 1.81077, -6.05899, -0.17755, 0.389123, -7.39161, 0.0795456, 1.98305, -3.97488)

[sub_resource type="BoxShape3D" id="BoxShape3D_h7hi8"]
size = Vector3(3.954, 4.53, 0.362)

[sub_resource type="BoxShape3D" id="BoxShape3D_butma"]
size = Vector3(3.954, 4.53, 0.362)

[node name="scp914" type="StaticBody3D" unique_id=1892881211]
script = ExtResource("1_5v64r")

[node name="scp914devicekey" type="StaticBody3D" parent="." unique_id=252256856]
transform = Transform3D(1, 0, 0, 0, 1, 0, 0, 0, 1, 0, 2.057, -3.76926)

[node name="SCP914_device_key" type="Node3D" parent="scp914devicekey" unique_id=1035999214]
transform = Transform3D(0.1, 0, 0, 0, -4.37114e-09, -0.1, 0, 0.1, -4.37114e-09, 0, 0, 0)

[node name="scp914_windkey_new" type="MeshInstance3D" parent="scp914devicekey/SCP914_device_key" unique_id=1378045707]
visibility_range_end = 64.0
mesh = ExtResource("2_hcf60")

[node name="scp914_windup_new" type="MeshInstance3D" parent="scp914devicekey/SCP914_device_key" unique_id=273288131]
visibility_range_end = 64.0
mesh = ExtResource("3_fnm2v")

[node name="CollisionShape3D" type="CollisionShape3D" parent="scp914devicekey" unique_id=1884545041]
transform = Transform3D(1, 0, 0, 0, 1, 0, 0, 0, 1, 0, -0.155975, 0.0669686)
shape = SubResource("BoxShape3D_12gcv")

[node name="scp914gears" parent="." unique_id=1554233035 instance=ExtResource("3_j46jp")]
transform = Transform3D(1, 0, 0, 0, 1, 0, 0, 0, 1, 0.001131, 2.27277, -3.72149)

[node name="Armature" type="Node3D" parent="." unique_id=1663253140]

[node name="Skeleton3D" type="Skeleton3D" parent="Armature" unique_id=960318131]
bones/0/name = "Bone"
bones/0/parent = -1
bones/0/rest = Transform3D(0.832968, 0.471658, -0.289315, -0.289315, 0.816954, 0.498881, 0.471658, -0.331849, 0.816954, 0.0578508, 1.04047, -6.91231)
bones/0/enabled = true
bones/0/position = Vector3(0.0578508, 1.04047, -6.91231)
bones/0/rotation = Quaternion(-0.22308, -0.204348, -0.204348, 0.930978)
bones/0/scale = Vector3(1, 1, 1)
bones/1/name = "Bone_end"
bones/1/parent = 0
bones/1/rest = Transform3D(1, 3.79979e-07, -7.45058e-08, -3.79979e-07, 1, -3.57628e-07, 7.45057e-08, 3.57628e-07, 0.999999, -2.98023e-08, 0.742316, 2.30968e-07)
bones/1/enabled = true
bones/1/position = Vector3(-2.98023e-08, 0.742316, 2.30968e-07)
bones/1/rotation = Quaternion(1.78814e-07, -3.72529e-08, -1.8999e-07, 1)
bones/1/scale = Vector3(1, 1, 0.999999)
bones/2/name = "Bone_end_end"
bones/2/parent = 1
bones/2/rest = Transform3D(1, -2.38418e-07, 5.1409e-07, 2.38419e-07, 1, -8.49366e-07, -5.1409e-07, 8.49366e-07, 1, 1.78814e-07, 0.742315, 9.23872e-07)
bones/2/enabled = true
bones/2/position = Vector3(1.78814e-07, 0.742315, 9.23872e-07)
bones/2/rotation = Quaternion(4.24683e-07, 2.57045e-07, 1.19209e-07, 1)
bones/2/scale = Vector3(1, 1, 1)
bones/3/name = "Bone.001"
bones/3/parent = -1
bones/3/rest = Transform3D(0.331848, -0.943333, -6.49691e-06, -6.67572e-06, -9.05991e-06, 1, -0.943333, -0.331848, -9.29832e-06, 0.0578544, 1.04046, -6.91231)
bones/3/enabled = true
bones/3/position = Vector3(0.0578544, 1.04046, -6.91231)
bones/3/rotation = Quaternion(-0.577033, 0.408703, 0.408703, 0.577025)
bones/3/scale = Vector3(1, 1, 1)
bones/4/name = "Bone.001_end"
bones/4/parent = 3
bones/4/rest = Transform3D(1, -5.96046e-07, 3.48768e-09, 5.96046e-07, 1, 3.01589e-09, -3.48768e-09, -3.01588e-09, 1, -9.20268e-07, 0.742315, -4.99813e-09)
bones/4/enabled = true
bones/4/position = Vector3(-9.20268e-07, 0.742315, -4.99813e-09)
bones/4/rotation = Quaternion(-1.50794e-09, 1.74384e-09, 2.98023e-07, 1)
bones/4/scale = Vector3(1, 1, 1)
bones/5/name = "Bone.001_end_end"
bones/5/parent = 4
bones/5/rest = Transform3D(1, -7.15256e-07, -3.41063e-13, 7.15256e-07, 1, 5.68434e-12, 3.41059e-13, -5.68434e-12, 1, 8.06258e-08, 0.742314, -2.05373e-08)
bones/5/enabled = true
bones/5/position = Vector3(8.06258e-08, 0.742314, -2.05373e-08)
bones/5/rotation = Quaternion(-2.84217e-12, -1.7053e-13, 3.57628e-07, 1)
bones/5/scale = Vector3(1, 1, 1)
bones/6/name = "Bone.002"
bones/6/parent = -1
bones/6/rest = Transform3D(0.832957, 0.471674, 0.289321, 0.289321, -0.816945, 0.498892, 0.471674, -0.331848, -0.816945, 0.057857, 1.04047, -6.91231)
bones/6/enabled = true
bones/6/position = Vector3(0.057857, 1.04047, -6.91231)
bones/6/rotation = Quaternion(-0.930974, -0.204355, -0.204355, 0.223084)
bones/6/scale = Vector3(1, 1, 1)
bones/7/name = "Bone.002_end"
bones/7/parent = 6
bones/7/rest = Transform3D(1, -1.49011e-08, 1.2666e-07, 1.49012e-08, 1, -1.56462e-07, -1.2666e-07, 1.56462e-07, 1, 5.06639e-07, 0.742314, 1.54227e-06)
bones/7/enabled = true
bones/7/position = Vector3(5.06639e-07, 0.742314, 1.54227e-06)
bones/7/rotation = Quaternion(7.82311e-08, 6.33299e-08, 7.45058e-09, 1)
bones/7/scale = Vector3(1, 1, 1)
bones/8/name = "Bone.002_end_end"
bones/8/parent = 7
bones/8/rest = Transform3D(1, 1.56462e-07, 3.72529e-08, -1.56462e-07, 1, 2.01166e-07, -3.72529e-08, -2.01166e-07, 1, -1.49012e-07, 0.742315, -7.45058e-08)
bones/8/enabled = true
bones/8/position = Vector3(-1.49012e-07, 0.742315, -7.45058e-08)
bones/8/rotation = Quaternion(-1.00583e-07, 1.86265e-08, -7.82311e-08, 1)
bones/8/scale = Vector3(1, 1, 1)
bones/9/name = "Bone.003"
bones/9/parent = -1
bones/9/rest = Transform3D(-0.33481, 0.942282, -0.00257853, -0.00257847, 0.00182033, 0.999995, 0.942282, 0.334815, 0.00182021, 0.0578549, 1.04047, -6.91231)
bones/9/enabled = true
bones/9/position = Vector3(0.0578549, 1.04047, -6.91231)
bones/9/rotation = Quaternion(-0.406679, -0.57767, -0.57767, 0.40891)
bones/9/scale = Vector3(1, 1, 1)
bones/10/name = "Bone.003_end"
bones/10/parent = 9
bones/10/rest = Transform3D(1, 6.2583e-07, -2.46073e-07, -6.2583e-07, 1, 1.54658e-07, 2.46073e-07, -1.54658e-07, 1, -1.46846e-06, 0.742315, -3.09667e-08)
bones/10/enabled = true
bones/10/position = Vector3(-1.46846e-06, 0.742315, -3.09667e-08)
bones/10/rotation = Quaternion(-7.73289e-08, -1.23036e-07, -3.12915e-07, 1)
bones/10/scale = Vector3(1, 1, 1)
bones/11/name = "Bone.003_end_end"
bones/11/parent = 10
bones/11/rest = Transform3D(1, 1.19213e-07, 2.28698e-07, -1.19213e-07, 1, -1.61323e-07, -2.28698e-07, 1.61323e-07, 1, -7.20611e-07, 0.742315, -1.9907e-07)
bones/11/enabled = true
bones/11/position = Vector3(-7.20611e-07, 0.742315, -1.9907e-07)
bones/11/rotation = Quaternion(8.06613e-08, 1.14349e-07, -5.96065e-08, 1)
bones/11/scale = Vector3(1, 1, 1)
bones/12/name = "Bone.004"
bones/12/parent = -1
bones/12/rest = Transform3D(0.664061, -0.472717, 0.579277, 0.579276, 0.81513, 0.00112458, -0.472717, 0.334814, 0.81513, 0.0578531, 1.04047, -6.91231)
bones/12/enabled = true
bones/12/position = Vector3(0.0578531, 1.04047, -6.91231)
bones/12/rotation = Quaternion(0.0919243, 0.289801, 0.289801, 0.907513)
bones/12/scale = Vector3(1, 1, 1)
bones/13/name = "Bone.004_end"
bones/13/parent = 12
bones/13/rest = Transform3D(1, -1.41561e-07, -1.77592e-07, 1.41561e-07, 1, -3.11411e-08, 1.77592e-07, 3.11411e-08, 1, -1.78814e-07, 0.742315, -7.04313e-08)
bones/13/enabled = true
bones/13/position = Vector3(-1.78814e-07, 0.742315, -7.04313e-08)
bones/13/rotation = Quaternion(1.55705e-08, -8.87958e-08, 7.07805e-08, 1)
bones/13/scale = Vector3(1, 1, 1)
bones/14/name = "Bone.004_end_end"
bones/14/parent = 13
bones/14/rest = Transform3D(1, -2.6077e-07, -1.8088e-07, 2.6077e-07, 1, -6.92264e-07, 1.8088e-07, 6.92264e-07, 1, -4.17233e-07, 0.742315, 2.86382e-07)
bones/14/enabled = true
bones/14/position = Vector3(-4.17233e-07, 0.742315, 2.86382e-07)
bones/14/rotation = Quaternion(3.46132e-07, -9.04402e-08, 1.30385e-07, 1)
bones/14/scale = Vector3(1, 1, 1)
bones/15/name = "Bone.005"
bones/15/parent = -1
bones/15/rest = Transform3D(0.668526, -0.469565, -0.576699, -0.576698, -0.81695, -0.00334144, -0.469566, 0.334815, -0.81695, 0.0578541, 1.04047, -6.91231)
bones/15/enabled = true
bones/15/position = Vector3(0.0578541, 1.04047, -6.91231)
bones/15/rotation = Quaternion(0.908629, -0.287869, -0.287869, 0.0930404)
bones/15/scale = Vector3(1, 1, 1)
bones/16/name = "Bone.005_end"
bones/16/parent = 15
bones/16/rest = Transform3D(1, 1.63913e-07, 1.0489e-07, -1.63913e-07, 1, -4.86733e-07, -1.0489e-07, 4.86732e-07, 1, 1.49014e-08, 0.742315, -2.20021e-08)
bones/16/enabled = true
bones/16/position = Vector3(1.49014e-08, 0.742315, -2.20021e-08)
bones/16/rotation = Quaternion(2.43366e-07, 5.24451e-08, -8.19564e-08, 1)
bones/16/scale = Vector3(1, 1, 1)
bones/17/name = "Bone.005_end_end"
bones/17/parent = 16
bones/17/rest = Transform3D(1, 1.49012e-08, 1.51922e-08, -1.49012e-08, 1, 9.8953e-08, -1.51922e-08, -9.8953e-08, 1, 1.63913e-07, 0.742315, 1.08924e-06)
bones/17/enabled = true
bones/17/position = Vector3(1.63913e-07, 0.742315, 1.08924e-06)
bones/17/rotation = Quaternion(-4.94765e-08, 7.5961e-09, -7.45058e-09, 1)
bones/17/scale = Vector3(1, 1, 1)
bones/18/name = "Bone.006"
bones/18/parent = -1
bones/18/rest = Transform3D(1, 3.62377e-13, -2.38411e-07, -2.3232e-07, -0.224623, -0.974443, -5.35532e-08, 0.974446, -0.224622, -8.52639e-14, 2.75415, -7.39234)
bones/18/enabled = true
bones/18/position = Vector3(-8.52639e-14, 2.75415, -7.39234)
bones/18/rotation = Quaternion(0.782503, -7.42231e-08, -9.32793e-08, 0.622646)
bones/18/scale = Vector3(1, 1, 0.999997)
bones/19/name = "Bone.006_end"
bones/19/parent = 18
bones/19/rest = Transform3D(1, -7.63864e-14, -2.31282e-12, 7.63873e-14, 1, 3.94881e-07, 2.31282e-12, -3.94881e-07, 1, -3.3113e-14, 0.264385, -4.76838e-07)
bones/19/enabled = true
bones/19/position = Vector3(-3.3113e-14, 0.264385, -4.76838e-07)
bones/19/rotation = Quaternion(-1.9744e-07, -1.15641e-12, 3.81934e-14, 1)
bones/19/scale = Vector3(1, 1, 1)
bones/20/name = "Bone.006_end_end"
bones/20/parent = 19
bones/20/rest = Transform3D(1, 1.24311e-14, 1.46549e-14, -1.24311e-14, 1, -5.21541e-08, -1.46549e-14, 5.21541e-08, 1, -8.71424e-14, 0.264383, -1.19209e-07)
bones/20/enabled = true
bones/20/position = Vector3(-8.71424e-14, 0.264383, -1.19209e-07)
bones/20/rotation = Quaternion(2.6077e-08, 7.32747e-15, -6.21554e-15, 1)
bones/20/scale = Vector3(1, 1, 1)
bones/21/name = "pivot "
bones/21/parent = -1
bones/21/rest = Transform3D(-1, -1.50996e-07, 8.74228e-08, 8.74228e-08, 0, 1, -1.50996e-07, 1, 0, 0, 1.89797, -3.93136)
bones/21/enabled = true
bones/21/position = Vector3(0, 1.89797, -3.93136)
bones/21/rotation = Quaternion(-2.24765e-08, 0.707107, 0.707107, 8.42937e-08)
bones/21/scale = Vector3(1, 1, 1)
bones/22/name = "pivot _end"
bones/22/parent = 21
bones/22/rest = Transform3D(1, 6.08095e-16, -2.23821e-13, -6.07852e-16, 1, 1.08658e-06, 2.23821e-13, -1.08658e-06, 1, 5.68434e-14, 0.216649, 0)
bones/22/enabled = true
bones/22/position = Vector3(5.68434e-14, 0.216649, 0)
bones/22/rotation = Quaternion(-5.43288e-07, -1.1191e-13, -3.03987e-16, 1)
bones/22/scale = Vector3(1, 1, 1)
bones/23/name = "pivot _end_end"
bones/23/parent = 22
bones/23/rest = Transform3D(1, -1.69407e-21, -9.31972e-22, 1.69407e-21, 1, -5.50243e-07, 9.31973e-22, 5.50243e-07, 1, -1.13687e-13, 0.216649, -3.48699e-08)
bones/23/enabled = true
bones/23/position = Vector3(-1.13687e-13, 0.216649, -3.48699e-08)
bones/23/rotation = Quaternion(2.75122e-07, -4.65986e-22, 8.47033e-22, 1)
bones/23/scale = Vector3(1, 1, 1)
bones/24/name = "circle"
bones/24/parent = -1
bones/24/rest = Transform3D(-1, 1.50996e-07, -3.09944e-06, -3.09944e-06, 0, 1, 1.50996e-07, 1, 0, 0, 1.89797, -4.3895)
bones/24/enabled = true
bones/24/position = Vector3(0, 1.89797, -4.3895)
bones/24/rotation = Quaternion(1.04243e-06, -0.707107, -0.707107, 1.1492e-06)
bones/24/scale = Vector3(1, 1, 1)
bones/25/name = "gear top f"
bones/25/parent = 24
bones/25/rest = Transform3D(1, 6.82177e-12, -9.53674e-07, -4.72276e-12, 1, 2.20097e-06, 9.53674e-07, -2.20097e-06, 1, -1.28898e-06, 0.416424, 0.415873)
bones/25/enabled = true
bones/25/position = Vector3(-1.28898e-06, 0.416424, 0.415873)
bones/25/rotation = Quaternion(-1.10048e-06, -4.76837e-07, -2.88613e-12, 1)
bones/25/scale = Vector3(1, 1, 1)
bones/26/name = "gear top f_end"
bones/26/parent = 25
bones/26/rest = Transform3D(1, -2.3531e-12, -4.54746e-13, 2.3531e-12, 1, -1.10929e-06, 4.54749e-13, 1.10929e-06, 1, 9.4876e-13, 0.216648, 3.15306e-07)
bones/26/enabled = true
bones/26/position = Vector3(9.4876e-13, 0.216648, 3.15306e-07)
bones/26/rotation = Quaternion(5.54643e-07, -2.27374e-13, 1.17655e-12, 1)
bones/26/scale = Vector3(1, 1, 1)
bones/27/name = "gear top f_end_end"
bones/27/parent = 26
bones/27/rest = Transform3D(1, 5.04832e-19, 2.86964e-32, -5.04832e-19, 1, 1.13687e-13, 2.86964e-32, -1.13687e-13, 1, 8.67494e-14, 0.216649, -8.0769e-08)
bones/27/enabled = true
bones/27/position = Vector3(8.67494e-14, 0.216649, -8.0769e-08)
bones/27/rotation = Quaternion(-5.68434e-14, 0, -2.52416e-19, 1)
bones/27/scale = Vector3(1, 1, 1)
bones/28/name = "gear right f"
bones/28/parent = 24
bones/28/rest = Transform3D(1, 2.1684e-19, 6.2688e-22, -2.1684e-19, 1, 2.20097e-06, -6.26403e-22, -2.20097e-06, 1, 0.360157, 0.416424, -0.207936)
bones/28/enabled = true
bones/28/position = Vector3(0.360157, 0.416424, -0.207936)
bones/28/rotation = Quaternion(-1.10049e-06, -1.19315e-25, -1.0842e-19, 1)
bones/28/scale = Vector3(1, 1, 1)
bones/29/name = "gear right f_end"
bones/29/parent = 28
bones/29/rest = Transform3D(1, -7.17407e-10, -6.82109e-13, 7.17407e-10, 1, 5.49447e-07, 6.81715e-13, -5.49447e-07, 1, 7.04313e-09, 0.216649, -1.18147e-07)
bones/29/enabled = true
bones/29/position = Vector3(7.04313e-09, 0.216649, -1.18147e-07)
bones/29/rotation = Quaternion(-2.74723e-07, -3.40956e-13, 3.58704e-10, 1)
bones/29/scale = Vector3(1, 1, 1)
bones/30/name = "gear right f_end_end"
bones/30/parent = 29
bones/30/rest = Transform3D(1, -7.11304e-15, 1.13687e-13, 7.11304e-15, 1, -2.95586e-12, -1.13687e-13, 2.95586e-12, 1, 3.68779e-08, 0.216648, -3.93463e-08)
bones/30/enabled = true
bones/30/position = Vector3(3.68779e-08, 0.216648, -3.93463e-08)
bones/30/rotation = Quaternion(1.47793e-12, 5.68434e-14, 3.55652e-15, 1)
bones/30/scale = Vector3(1, 1, 1)
bones/31/name = "gear left f"
bones/31/parent = 24
bones/31/rest = Transform3D(1, 2.1684e-19, 7.15256e-07, -1.57426e-12, 1, 2.20097e-06, -7.15256e-07, -2.20097e-06, 1, -0.360156, 0.416424, -0.207937)
bones/31/enabled = true
bones/31/position = Vector3(-0.360156, 0.416424, -0.207937)
bones/31/rotation = Quaternion(-1.10049e-06, 3.57628e-07, -3.93564e-13, 1)
bones/31/scale = Vector3(1, 1, 1)
bones/32/name = "gear left f_end"
bones/32/parent = 31
bones/32/rest = Transform3D(1, 1.01395e-09, -6.82104e-13, -1.01395e-09, 1, 1.09969e-06, 6.83219e-13, -1.09969e-06, 1, -9.66747e-09, 0.216649, -1.04925e-07)
bones/32/enabled = true
bones/32/position = Vector3(-9.66747e-09, 0.216649, -1.04925e-07)
bones/32/rotation = Quaternion(-5.49845e-07, -3.41331e-13, -5.06975e-10, 1)
bones/32/scale = Vector3(1, 1, 1)
bones/33/name = "gear left f_end_end"
bones/33/parent = 32
bones/33/rest = Transform3D(1, -7.12126e-15, 1.13687e-13, 7.12126e-15, 1, -3.97904e-12, -1.13687e-13, 3.97904e-12, 1, -3.94279e-08, 0.216648, -6.65167e-08)
bones/33/enabled = true
bones/33/position = Vector3(-3.94279e-08, 0.216648, -6.65167e-08)
bones/33/rotation = Quaternion(1.98952e-12, 5.68434e-14, 3.56063e-15, 1)
bones/33/scale = Vector3(1, 1, 1)
bones/34/name = "spine"
bones/34/parent = -1
bones/34/rest = Transform3D(-1, -1.50996e-07, -2.05834e-06, -2.05834e-06, 0, 1, -1.50996e-07, 1, 0, -5.68434e-14, 1.89797, -4.17371)
bones/34/enabled = true
bones/34/position = Vector3(-5.68434e-14, 1.89797, -4.17371)
bones/34/rotation = Quaternion(7.8112e-07, -0.707107, -0.707107, 6.7435e-07)
bones/34/scale = Vector3(1, 1, 1)
bones/35/name = "spine_end"
bones/35/parent = 34
bones/35/rest = Transform3D(1, 4.66371e-12, 1.13687e-13, -4.66371e-12, 1, -9.92117e-10, -1.13687e-13, 9.92117e-10, 1, 1.71193e-12, 0.216648, -1.19209e-07)
bones/35/enabled = true
bones/35/position = Vector3(1.71193e-12, 0.216648, -1.19209e-07)
bones/35/rotation = Quaternion(4.96058e-10, 5.68434e-14, -2.33186e-12, 1)
bones/35/scale = Vector3(1, 1, 1)
bones/36/name = "spine_end_end"
bones/36/parent = 35
bones/36/rest = Transform3D(1, -6.77626e-21, 3.43216e-32, 6.77626e-21, 1, -1.00399e-17, -3.43215e-32, 1.00399e-17, 1, 4.45284e-13, 0.21665, 2.3937e-24)
bones/36/enabled = true
bones/36/position = Vector3(4.45284e-13, 0.21665, 2.3937e-24)
bones/36/rotation = Quaternion(5.01996e-18, 1.71608e-32, 3.38813e-21, 1)
bones/36/scale = Vector3(1, 1, 1)
bones/37/name = "pivot back"
bones/37/parent = -1
bones/37/rest = Transform3D(-1, -1.50996e-07, -2.23319e-06, -2.23319e-06, 0, 1, -1.50996e-07, 1, 0, 1.98952e-13, 1.89797, -4.53177)
bones/37/enabled = true
bones/37/position = Vector3(1.98952e-13, 1.89797, -4.53177)
bones/37/rotation = Quaternion(8.42937e-07, -0.707107, -0.707107, 7.36167e-07)
bones/37/scale = Vector3(1, 1, 1)
bones/38/name = "pivot back_end"
bones/38/parent = 37
bones/38/rest = Transform3D(1, 4.79271e-12, 1.13687e-13, -4.79271e-12, 1, -9.92102e-10, -1.13687e-13, 9.92102e-10, 1, 1.7053e-13, 0.216649, 0)
bones/38/enabled = true
bones/38/position = Vector3(1.7053e-13, 0.216649, 0)
bones/38/rotation = Quaternion(4.96051e-10, 5.68434e-14, -2.39635e-12, 1)
bones/38/scale = Vector3(1, 1, 1)
bones/39/name = "pivot back_end_end"
bones/39/parent = 38
bones/39/rest = Transform3D(1, 7.10498e-15, 1.13687e-13, -7.10498e-15, 1, -1.02559e-17, -1.13687e-13, 1.02559e-17, 1, 3.31451e-13, 0.216649, -1.19209e-07)
bones/39/enabled = true
bones/39/position = Vector3(3.31451e-13, 0.216649, -1.19209e-07)
bones/39/rotation = Quaternion(5.12796e-18, 5.68434e-14, -3.55249e-15, 1)
bones/39/scale = Vector3(1, 1, 1)
bones/40/name = "spine back"
bones/40/parent = -1
bones/40/rest = Transform3D(-1, -1.50996e-07, -3.18686e-06, -3.18686e-06, 0, 1, -1.50996e-07, 1, 0, 0, 1.89797, -4.77411)
bones/40/enabled = true
bones/40/position = Vector3(0, 1.89797, -4.77411)
bones/40/rotation = Quaternion(1.18011e-06, -0.707107, -0.707107, 1.07334e-06)
bones/40/scale = Vector3(1, 1, 1)
bones/41/name = "spine back_end"
bones/41/parent = 40
bones/41/rest = Transform3D(1, 6.82006e-12, -2.27374e-13, -6.82006e-12, 1, -9.9211e-10, 2.27374e-13, 9.9211e-10, 1, -7.65727e-13, 0.216648, 1.19209e-07)
bones/41/enabled = true
bones/41/position = Vector3(-7.65727e-13, 0.216648, 1.19209e-07)
bones/41/rotation = Quaternion(4.96055e-10, -1.13687e-13, -3.41003e-12, 1)
bones/41/scale = Vector3(1, 1, 1)
bones/42/name = "spine back_end_end"
bones/42/parent = 41
bones/42/rest = Transform3D(1, 7.10628e-15, -1.13687e-13, -7.10628e-15, 1, -2.11433e-17, 1.13687e-13, 2.11433e-17, 1, -1.44429e-13, 0.216649, -1.19209e-07)
bones/42/enabled = true
bones/42/position = Vector3(-1.44429e-13, 0.216649, -1.19209e-07)
bones/42/rotation = Quaternion(1.05716e-17, -5.68434e-14, -3.55314e-15, 1)
bones/42/scale = Vector3(1, 1, 1)
bones/43/name = "circle back"
bones/43/parent = -1
bones/43/rest = Transform3D(-1, 1.50996e-07, -3.8147e-06, -3.8147e-06, 0, 1, 1.50996e-07, 1, 0, 0, 1.89797, -4.9899)
bones/43/enabled = true
bones/43/position = Vector3(0, 1.89797, -4.9899)
bones/43/rotation = Quaternion(1.29531e-06, -0.707107, -0.707107, 1.40208e-06)
bones/43/scale = Vector3(1, 1, 1)
bones/44/name = "gear top b"
bones/44/parent = 43
bones/44/rest = Transform3D(1, 8.92079e-12, -7.15256e-07, -7.34653e-12, 1, 2.20097e-06, 7.15256e-07, -2.20097e-06, 1, -1.58643e-06, 0.416424, 0.415873)
bones/44/enabled = true
bones/44/position = Vector3(-1.58643e-06, 0.416424, 0.415873)
bones/44/rotation = Quaternion(-1.10049e-06, -3.57628e-07, -4.06683e-12, 1)
bones/44/scale = Vector3(1, 1, 1)
bones/45/name = "gear top b_end"
bones/45/parent = 44
bones/45/rest = Transform3D(1, -5.35213e-13, -5.1096e-19, 5.35213e-13, 1, 7.20024e-09, 5.07106e-19, -7.20024e-09, 1, 2.31164e-13, 0.216649, -5.25106e-08)
bones/45/enabled = true
bones/45/position = Vector3(2.31164e-13, 0.216649, -5.25106e-08)
bones/45/rotation = Quaternion(-3.60012e-09, -2.54516e-19, 2.67607e-13, 1)
bones/45/scale = Vector3(1, 1, 1)
bones/46/name = "gear top b_end_end"
bones/46/parent = 45
bones/46/rest = Transform3D(1, -7.10618e-15, -1.13687e-13, 7.10618e-15, 1, -4.0394e-28, 1.13687e-13, -4.0394e-28, 1, 1.29175e-12, 0.216649, -5.25106e-08)
bones/46/enabled = true
bones/46/position = Vector3(1.29175e-12, 0.216649, -5.25106e-08)
